117.04506174206068
-239.24037519878738
213.14389355918917
-99.46211966451621
-97.12644959912248
194.50824484449143
-87.32143266221209
-75.08054025590673
86.20108182984596
35.19941836827904
-90.44912015375218
5.622622580256718
72.2255825633965
-17.374744821754945
-77.69708841486485
52.24140328239626
61.64380515426478
-83.85861581649446
-31.374947298360457
110.01699233741856
-22.41626879145177
-118.24757534654775
102.13544212671806
62.53825319239481
-145.63526767311237
19.760727485932204
148.22106301845173
-122.95101149919823
-59.845794602301154
144.3484496927608
-20.65532399239243
-132.80000596854333
103.67625090912637
51.96868541008799
-107.32473204695656
-0.2558647767921727
99.51739838398662
-56.809762365600385
-38.875923857370125
37.71129533035186
34.470799255371915
-45.826752020590654
-12.270161440122829
23.077879220586297
41.36123949672355
-64.0449670540783
-13.679228684357255
67.16883907217692
7.153878053241186
-98.0073473594251
57.13632275142021
49.66534419192084
-57.30667218512241
-36.29061020574708
79.91590500013561
-29.33471506116156
-8.539077897423395
-10.525873433490649
11.46485890653478
15.715045765291089
9.474557572053909
-82.0763134804862
73.31281338865568
35.33794570641588
-87.23319964712124
-17.290269163126734
137.44710223687616
-92.64841436210186
-61.03613113978247
97.28962706771625
39.732771401874324
-141.76248071949377
49.87315274955381
84.52256572301326
-42.63695451483757
-103.84313993046499
110.09984768666362
31.328512622801966
-86.41586033954508
-35.033531495725356
133.22399623360306
-57.40763932026826
-60.295222988781454
34.999743402878465
75.03721694399566
-96.65496590600668
21.553941192988322
12.154488443391621
34.06727524617328
-66.60160354429603
29.157423342944956
-2.1965061978183633
47.75953972846203
-104.78250504656576
77.37390369374135
10.634790006435134
-37.54400298746635
-46.85193205773275
157.57926439835384
-196.95135652423772
156.66763380418948
-86.71545960566782
31.49139474611517
-16.478649510287784
21.86128635304047
-32.17419401696927
56.414615262149944
-47.444828707746105
-19.30355546676247
78.43629899587357
-38.73840925371844
-66.96080986064935
86.60508689487574
23.668371148805644
-103.84109928550734
22.675245608665737
102.13977756399893
-77.011313972984
-56.87551733228564
91.10697325206517
12.977864530536554
-86.84711800386235
29.899596724239906
57.302729628337374
-49.89504803347026
-21.608155830372343
50.36259297252951
-14.550496136938778
-22.212859869457606
21.382815812698354
-6.1085214508918195
-8.178601203262767
19.291099347869054
-16.02778106995535
-7.951713975205114
25.524925358975135
-13.309349732372972
-19.243738185049335
29.99215683574343
-2.6425856918091393
-30.921758870947322
24.904313529189555
18.808548463249366
-36.668558682782205
-1.6321715364682319
37.67907020573827
-12.808911959319722
-29.521438836049647
21.081811927768616
22.253230479939024
-22.4230089655079
-17.195247803268348
19.696051081176634
24.26292435568158
-32.969909886384265
-26.143026244169224
55.44219367216786
16.840856395999868
-79.29114428356867
15.483548706251579
82.35598709625106
-48.56872198343385
-69.82216160037025
71.27244427173366
46.56641919508077
-75.65629063581744
-33.98714439474071
91.66200371229166
12.919654563539915
-103.55491661842561
15.49330414442402
114.55689920409657
-72.21370124934333
-82.94574325743592
111.44003182541134
28.33614235940603
-121.52438074692867
41.424257727041244
85.99216367711763
-82.02578479459088
-37.46332399658394
100.4152517341584
-35.91205716956428
-55.25682899204217
49.58002249846101
27.252529657196504
-59.17973917373325
10.048860117802397
34.93590943608688
-14.734082474231775
-35.05714961338491
47.30423391407156
-8.533723326311879
-36.97838265918178
29.997195523330877
39.15292165011357
-88.53256681925387
41.33505493791826
55.91100542235015
-76.83378582608326
-19.13480639480081
131.41881562773617
-157.5065972461443
101.90637538398794
-40.158360308310066
13.868797864447435
33.34299770847207
-44.128431044117036
-1.9943807664964504
77.62877904277919
-107.23780801538298
31.547936547648845
80.78463546542808
-95.68575985941625
-8.406695348902785
94.52257099765237
-51.2491755233867
-53.680951605708486
66.29525877427062
16.80879298144656
-65.92360049818521
20.507890508099337
28.221244331746796
-5.245920523498796
-27.70258155446438
-0.04168543946422379
26.35353152086949
15.739214111906708
-61.57110824066114
21.193931923105076
55.22991300786116
-37.952577521137044
-58.46189324006736
76.61123346894104
17.496240053731068
-63.85207240318873
-13.769444721623117
79.76925136983351
-27.288361640571775
-52.316204969888105
26.656649310163054
57.355959978022035
-59.104566808921085
-21.972831363522374
49.935806371684336
28.069366145569735
-84.73288082770414
19.38501544365353
68.7983008658993
-29.09246393733794
-86.65781098368512
92.06508640181029
28.61814696469436
-88.0965029245919
-0.5340402136246839
100.38813084997342
-66.6494636855349
-37.775023563731786
59.06479415441078
27.221726288207083
-87.39028799026983
39.04772851319702
38.68620937404344
-29.81777826056125
-37.31349563946551
57.36816077151959
-22.08404909216982
-4.57663089384911
5.9992920658823685
-6.223051020346829
-16.105862045522414
76.0954622555862
-82.33673265709128
-18.046570475964234
101.54056775475925
-15.83179026120901
-148.59919178864325
137.52700213440528
55.005840222146226
-139.697049663107
-10.75045095262698
161.51570001223945
-90.14920011014027
-69.05932025868799
80.95686340182468
43.79586935216432
-105.1733621103344
42.46836298970637
25.900946964038443
-8.43443983317522
-50.900743343654696
61.369687588959515
-1.5036367376655413
-36.36172935356858
-27.52152765413799
109.38508266495298
-67.19506374684858
-47.482453452869166
57.08820740492347
58.50746075954014
-125.97977852420189
56.95151051148977
34.2818350708148
-23.254502125894177
-42.2874972077732
62.12209726888233
-32.75257382183206
10.975408365659701
-7.690702696653703
33.95782256604624
-62.32835798166446
45.818962674710214
20.574427007887948
-103.73526040824267
106.56414011198206
-3.562351825943124
-98.89988668975427
82.51174700212768
32.168526552858694
-105.33518199175325
46.78322709510078
67.69206410619147
-96.16105924334522
2.032813659888633
98.2434012897988
-78.80495055663486
-31.855613123745066
88.63294670986531
-20.003178940978813
-66.74481826629794
55.64074991904421
23.674133494952518
-47.944937170591814
-2.376390748782659
29.81350400396416
7.7125250152729725
-23.06221203841009
-27.756235404474097
52.31096097866699
21.010425529873896
-84.90231073318999
13.589346460195813
110.24950598484683
-90.32576832588734
-67.20948121540957
134.12873762937957
-0.5514231563065857
-142.89227070716106
86.74832828537055
89.20497422920324
-132.07206052537902
-10.720335834143878
131.70216788065
-70.6661797298671
-76.56784302508603
118.04044043685987
-18.354824258153755
-96.25167331064758
94.9287092403465
15.002349039660809
-104.02387660908992
53.479600209268455
81.7571463588493
-125.15842994521003
5.666587283016607
122.92748634996224
-80.92213864883996
-83.8067186100206
148.3908762500944
-12.78133571239442
-144.08382563358995
95.82641402872126
100.91687685018091
-168.66275873248827
11.20148405729308
143.12619735795985
-82.80171913021437
-80.27113678271616
106.21446058132337
10.960345394371947
-72.32009462666699
0.052586448327524224
60.24549321519731
-5.851104575951631
-55.63484294155802
0.8131889483944859
90.02426589522202
-57.96252288015632
-68.04019416579808
101.64517315572644
16.69641997403547
-124.1796950965758
69.70641076026712
72.14397446455708
-112.41147699003217
-1.6333897269646187
119.15411854619536
-94.49119007571994
-25.414225735348428
86.87468090062495
-34.676117283858595
-51.0281391536972
83.22333510474516
-47.10743113238897
-18.353958302408476
59.716149583549054
-34.22403048549123
-46.516981567521775
117.10354941014856
-122.24137210818296
73.17343783341659
-24.2162601407833
-64.89431528590863
141.14572497872487
-99.42315734314974
4.35987804602238
90.88570994369837
-84.39630026303989
2.928403062595736
30.007362832031806
21.134559222950475
-48.08205369194908
-12.137521571952199
64.65731564208784
-10.089954256405372
-78.82932063588053
55.55120978416131
66.47436354615883
-115.16961889117638
10.739360652354163
99.0683079094668
-50.405294190109544
-86.99700488640804
113.06271964486287
4.002979454633641
-84.28211097883272
15.918981642844418
88.64520079681881
-81.92643296382946
-2.334461796935386
34.63495669982007
0.6427567349606693
-49.94968024304249
68.35450471609276
-41.364037811189164
-16.299414895457762
34.34895642308219
32.50016449240339
-105.33025103815451
67.05777416687943
39.10120476739285
-53.64251261324773
-59.28880676790543
132.95965980635793
-50.336310118020904
-73.37067614987488
39.814651055001484
116.5022549458948
-158.22974246720037
13.65262739275725
97.52544769009639
-9.253018809026193
-139.61603599205148
124.20709483111396
20.967381442795304
-70.12374296616531
-43.988691367551915
134.82668964883612
-62.00443719302178
-48.046404741059874
15.292440029610201
103.55229756563338
-113.47274448174875
-0.3175729977527463
52.02880401308914
42.870989290685266
-138.30235899268723
98.28426420434731
-1.1031939694305435
-5.91236063339138
-60.3336768944768
72.02514936272016
-30.304733937572287
47.29061743100746
-107.33258406405109
68.89593219695806
41.21825378712628
-28.94025418003055
-128.51765481513092
201.69883928003173
-58.43389767661889
-109.67649850478233
46.651816160659685
167.30029614956015
-221.63845876822722
45.017122307170474
91.40153461950334
-2.5762662430835257
-155.09781719938982
153.85525218593332
-28.646966046900843
-15.570226985302668
-73.36112933302707
139.19741124847764
-81.70107452709851
6.446143919104827
-46.719643791202195
161.99415052187476
-190.58930083795002
88.15949689461117
6.754975756881539
12.99677194110324
-87.31694469675905
102.2108231303011
-52.28031309876318
-137.47165374602847
227.3324249780274
-143.2720438736489
4.502314984722501
107.19529838163976
-78.63130959997504
-37.32973010985618
77.64542162034796
9.255018279347453
-94.28992448167513
39.427888281828594
93.98021054753947
-96.67716124074161
-70.86009660993335
169.0801001895337
-16.926568400089486
-177.58159198256539
98.04957826275907
144.26025692622216
-164.41416641891746
-63.334980100643115
169.9809039239537
-4.137049910300539
-146.94075180706224
61.48088034806918
78.22141254612897
-48.941954863034155
-50.07492377895673
35.402397336484654
31.209227569312237
-3.5663385592642842
-57.132290075281404
23.367827936894972
57.39397934926016
-40.02601709945813
-61.669166588677186
84.71691214703304
6.5746606776704475
-74.61891835471546
21.024787792760428
65.2639376341554
-61.06410692704546
-10.435367130133587
40.003921742877694
2.606583104931768
-30.7389508502334
19.53675535298525
-20.08273824249761
31.04261638835932
8.25770262434841
-46.396998568127145
-12.908193195926916
96.96715667496332
-45.11872338708078
-81.56842042750483
70.7305905252334
75.91152447514195
-127.37093431770327
-0.959297025702489
107.73701673410729
-37.89162483456703
-94.45576741215777
112.68159787553833
1.3175813777848357
-104.09366220214761
62.32540491146926
71.1201550480819
-133.2785463340072
50.84213391194578
74.06387531821467
-80.61141945233247
-28.209493340504192
108.20046927895419
-62.350761796368936
-32.91667841160394
48.23957238042426
14.582706904541258
-64.61000895270487
43.532481642912344
1.413639059133942
-3.9451352960946666
-35.18644658822388
38.50646905273794
13.67833383631915
-24.072523712673345
-54.13239924066487
101.66568778781398
-23.841632056447907
-72.47256604197081
39.35153779263265
80.07023761560765
-120.62877893108833
27.774446419762835
64.8744937785132
-35.62483285190377
-73.69409160884213
117.43703818569293
-61.99120990342421
-5.260688365643556
15.485543224262768
7.073775505461022
-18.514997519910633
13.36720323483655
-14.667180448121833
8.069721266346672
-10.771815277431356
26.844107428411824
-43.016255759366324
38.4190078313469
-9.403910163462026
-21.737898339968815
27.09585866747355
-3.5440512740634866
-28.382965295663688
39.96857847125433
-10.117843243826547
-46.4970445674828
70.51946980167254
-12.341404831314764
-83.19461309254577
87.81845143520034
41.517945717086505
-152.8068290106129
67.83500145926246
126.89691035907586
-157.49296036168988
-52.05500907593631
218.71332957243354
-95.01224868173234
-155.99926355135102
174.44226229726894
63.24806336782803
-216.0011484477481
76.07123622438247
146.43563169554426
-144.33160555400607
-67.16507841397616
201.41968812073742
-99.80174263488735
-86.27508838577342
119.486215543232
21.122488226806333
-143.2221069225867
97.25729743934173
40.821606145051106
-90.53140851571881
-2.037699274605656
110.99915475286576
-97.78239702363172
-20.84336403501628
86.56850263567975
-1.6205216974261736
-122.12880441538829
105.85984597455405
35.0650657423243
-96.56710939731789
-18.419134725150677
141.00765200474714
-85.18595159750228
-63.67666021891955
72.51673120807412
66.06013470705896
-130.25248434533117
20.55169829356829
80.7277819765264
-2.7673240318655843
-138.69488975102183
110.97471215585513
59.8904541821311
-116.6977297794493
-42.901618015594444
194.87021362608064
-116.4081274813638
-86.44358168971587
131.57919726932394
39.82692076589832
-192.5194422236134
133.27031690618904
41.814559407200925
-109.41130135232589
2.888174322003872
132.5653422995172
-148.40618696228591
56.035745345727975
34.10853907809059
-51.329543012422505
-10.450648034595876
109.06784726543214
-148.630028186785
62.722290634008324
68.17256857034923
-73.77404339789477
-74.14486625965348
192.47132646577387
-122.14700667149187
-44.23933693782804
84.03713724954345
50.78766298933055
-186.8541857393576
168.21353740689588
-47.2395434570626
-20.172521248651176
-19.258827453205484
82.331078161883
-85.79640933585269
42.271682912896246
-11.981044614743466
35.18751800120522
-58.734990700430885
81.43632619007876
-59.01408200840886
1.3608340294444052
40.68957093996876
-39.52425734337817
11.08436038036977
18.31839485884149
-30.273459965640054
13.851928302266558
18.020653456868484
-26.623746384138023
6.28731216815317
10.730203576310732
-12.395313999556766
21.433861148197657
-21.168633511598145
-23.342092668738726
62.70916443532557
-12.828453213309372
-91.33450043525887
92.45533824765432
44.68778549203164
-138.42993751660634
37.16716422963198
129.54873615206557
-126.98481037274087
-47.36731963175873
153.93399379622645
-53.80415612081594
-117.21401528426546
142.71884267918492
-5.1079255239398655
-124.79141709690498
103.88379162398319
35.655417317164904
-136.96819163904078
82.36757326739023
72.76603079590905
-145.42946582696945
29.732915695234073
144.43715253166923
-143.57819818531823
-61.34649601678835
202.6347255032719
-65.29229916885086
-175.33249966687865
175.49562108301285
65.79870942688368
-195.64910203300312
34.53124609541668
172.76524857328394
-135.2765409545712
-72.19154083186258
154.2824942102629
-19.411994552127382
-127.43555400407895
97.03549962915946
45.63620984869009
-108.58919289887913
30.19919456950418
76.52997111613418
-91.81437361000958
19.781616245444173
54.21326398288139
-64.86883344278638
10.587073265344252
56.6480039056256
-73.39466751682022
17.32028031777841
56.154732041772164
-59.93412359594961
-15.507186449454924
75.65292368324474
-43.3513582902127
-29.811008472592576
46.17998283938586
-2.039179235828441
-29.524387454239598
24.361433977989098
-15.428062073825735
13.26943479870938
0.9681876997333708
-19.85047565634936
13.958832218581222
23.475341229549766
-54.215597266101724
34.09018808837679
23.92860504946694
-49.24283302793616
2.9392806791770565
66.97511786554922
-78.59677929976243
13.15115361225747
62.39588515150528
-57.722838920418766
-37.37673006096707
135.42193382293598
-147.03098903895184
84.92933351921816
-24.51953600995917
62.99403748642542
-91.37645230858114
114.5023860091473
-171.98677747820392
163.37267417655636
-36.20353550690764
-119.10569881377852
141.63440781267374
-1.9723657736422944
-143.1219422673665
123.20990605228232
40.188677340174245
-157.21819169453232
84.53342556222117
95.75954037550063
-162.58883249135073
21.902786337423546
158.86285498199618
-148.09563706982945
-47.43623566515035
170.65284205932534
-50.37949625818975
-155.85129753029594
171.79070891961817
16.55606472982314
-148.49302552998054
55.072086950056
115.88858074337662
-132.651351232451
-1.93917465329903
82.12014187349419
-5.617764429522901
-94.05947079794898
68.25599137100252
25.523598255762707
-30.20865613122056
-57.99783250130369
88.77414467027806
-9.873719984997248
-52.0759123075709
-2.129724673713373
94.88019767554357
-95.32756987585954
1.125494078829873
64.77165005587612
-16.17954717484991
-96.63194531762257
143.20827043443518
-56.67344630565716
-75.33542116910928
87.01462243722113
57.61528043584865
-187.817540899093
126.49438693074126
66.38037794117993
-146.19447432679135
-0.5282166067100332
199.02772064443604
-206.0941407765153
16.595359376193493
138.00475167347892
-78.11818346581678
-116.89068869893167
216.1407050264446
-103.54652727346627
-86.0452799295303
123.22823357657998
42.7108758291475
-208.04211840681637
161.13914034787456
39.24162973204263
-126.53076217804153
-16.958852107671014
194.46830716790402
-161.27541472627246
-33.1970046242848
115.81091619841916
29.04207849171694
-201.6047786399614
171.8154839329154
15.304637568492979
-110.03763665511167
-7.094439055553525
181.62699642801562
-193.01274580827533
28.134918497294652
110.07821619878327
-47.260220735165746
-154.45325059238542
264.6690328333156
-148.27291662059085
-56.96582087918611
110.09735637722827
49.21602647048507
-232.3514303895741
237.03840256288
-79.794530505167
-54.61191667714404
46.86305507797992
52.616310171109355
-122.75587221330721
109.56581906901395
-53.86268773749086
-33.60174546904247
63.16587179166108
-33.66950189573641
-57.9387177201301
146.76473104766046
-101.58250592950596
-69.77086721230303
161.63909968594325
-39.06502320790987
-144.1712979096216
130.85661921119635
71.13487933431357
-175.07856476410862
28.465807717775466
157.68871691753398
-116.62453578650728
-80.11368449966069
143.71150140247383
1.1793828121245014
-125.5508426900712
62.27131646452065
73.9547320388222
-86.20551688747203
-14.094938617523148
67.33573224691388
-16.011836898933208
-44.62093984297737
30.286643866303795
22.472602478154258
-29.02419708421486
-18.28756598871479
50.30649233943873
-9.739784458607152
-57.821075935490256
48.81884997208169
46.689937793507355
-97.31007559977328
15.12096254240187
99.35287091036106
-77.46167197165352
-62.84462524139688
126.73023979402976
-17.47867883607624
-118.63900212349142
91.9896582500633
67.10943906672868
-145.7114372356325
42.681128683726804
101.27562419093917
-99.56298017109052
-32.21091775231106
115.06040103273769
-56.06594847377832
-51.75282301832887
77.43275466673231
-7.898147798291415
-60.73879310144949
52.688387307974416
4.835674130444989
-32.421726099983374
9.892153542501923
17.481841896570522
-12.668998369737501
-3.111128183034802
-0.5222889919619208
18.242122253511763
-17.500803442145276
-7.2069995749450815
24.750636197871785
-8.923380166403595
-28.094633295600303
43.79154426413996
-6.4017301039712935
-40.09393960192466
29.956318999321788
28.14055423600039
-52.53942337708483
8.382635463739406
37.270785250821746
-19.251941815248088
-25.19071503253723
20.663300593144683
16.827027516130855
-8.857070261141526
-36.85038109406341
31.028092825226018
37.60531893776861
-61.44257788724609
-15.376383049363325
89.46471631698714
-49.59576370708894
-50.18539432363463
79.95288232518479
-15.463876569333953
-51.118924476863434
56.15639587700751
-20.138650295901666
-24.85436741161993
71.63296447010897
-103.49975657259549
95.6270934037989
-52.87821580102673
15.028302471064414
-87.23297077284955
136.40798825674005
-94.32438811902466
7.023880790950052
97.42670767044903
-112.11077613266323
1.1963170728215307
109.10898719053327
-72.90570196893883
-59.35108237000356
102.17634307655804
0.3814518449268673
-94.6515563348415
50.14197581649039
58.27146945284143
-77.7238667752058
-1.9315985696385152
58.73600142728332
-23.59482043948352
-37.51899491500235
40.45182309093144
0.4491993048580208
-19.254588115875343
3.59925774033459
9.338734553961265
-6.815423979839637
11.498199794352974
-22.59507312957588
14.215177734904907
12.868600676370534
-20.635098763672772
-11.455397409724156
45.9446743412993
-29.465025077661416
-20.31186841613425
30.484340922122797
14.407920756561323
-47.838023842700764
27.671439306380854
10.103338672525433
-17.061829384485435
-8.484208514985276
30.012253408831455
-25.11277155361219
4.112647868361361
2.9557978210679545
12.992967392678725
-20.767858651854155
1.3112327960235857
-0.6554184707815432
43.490421775425425
-51.027633418452574
-18.758026177301375
65.63148173009621
11.69392526097029
-123.11171963946666
85.75494038236116
70.51642083065425
-111.31675400010795
-33.823854062340715
152.1729436057052
-64.5725122381404
-90.00376568157847
72.93812854220465
78.04155133905704
-122.19598047086086
0.3744903557321816
82.40909271910076
9.722377079798296
-117.76468876775286
55.7051858748887
69.67347777986626
-43.65266169146087
-90.95300330428982
102.4938902338437
22.483425070218193
-67.0380510833825
-31.897334935408484
101.63348756275988
-41.724541294622874
-21.230692662092416
-13.0331335903792
59.57326154292372
-28.249201402707257
-9.27191792096157
-27.449099563429495
78.97871721390189
-55.87678827225986
2.654442608885612
-3.995699818964632
50.74543707825934
-68.2199915483113
42.5854599671907
-33.429664062741786
63.470018013728904
-71.46487322352804
21.441929055441495
10.862875340998212
69.78427642811796
-215.18027357273553
274.2114928049825
-192.4482220804377
71.42453819806788
-94.22134989820294
168.0280770636907
-144.62752224559384
69.60201621909553
49.126524616928606
-100.1177401254981
45.22065306683015
26.705594725249245
-34.27482764462736
11.273112883403268
-6.82066419923693
1.0879698694090794
41.11096562137013
-42.034357105121266
-28.727203892760045
75.09720536602497
-8.099731008492085
-87.92646900460048
62.62251324924248
60.172617669521394
-89.02186579523479
-21.635490835614068
112.91867774087906
-50.03107654639436
-78.84323420928403
100.59747850471163
25.957506788328686
-125.66283141101617
74.5652923463382
72.57488954855941
-116.81835587663073
-10.887188006350906
151.34066720324603
-100.95054922330786
-81.40148233507566
136.7928527219339
24.321810501308743
-147.06094947141693
61.539824225008616
79.35889214820585
-65.44438416689832
-34.362562994113816
70.50066904671158
-20.516804623437224
-6.83242297850437
0.4688842847371764
-5.460566367230508
8.997123499693542
35.74593561348981
-69.07725302224114
19.132294489085236
56.24134200416123
-27.109835662390452
-66.33542259535
76.95669954909866
18.07373050584504
-50.8028038760387
-30.541744380622184
78.96444382471557
-8.829544596699925
-55.04678085421979
-4.707747565145788
95.89820990688852
-54.334318059847625
-57.9103479183854
61.853687741451566
48.717269681311436
-97.42691566011464
35.640677317110885
33.67526996086843
-14.86073341254722
-35.77677883635956
37.30692785361184
-8.787410479751001
18.842432781743973
-42.57597830354555
27.111832932118205
15.016067837855564
-6.333631935293651
-39.59795584921001
64.87862249957722
-40.55575419125762
12.615578213044062
11.060929359090371
-11.238168236977991
-30.739671671757616
90.20231418365651
-83.29109237332118
-7.824534479215301
72.96608137905098
-9.12296904625891
-112.34867901373906
140.18818579601086
-30.383154710994734
-67.0508737055271
35.86229894473877
81.46515532678224
-150.92180152073408
123.12992344825196
-50.30377615835479
0.9710348240808568
10.407534913904799
3.7529893442866396
94.91349589529958
-175.34035375687913
155.73210423884146
-66.39734519879737
-85.8849490854682
151.87708820016775
-46.90821378389403
-98.57792079462138
92.28200432600617
46.95913041212792
-114.56298311097805
11.42494891440749
96.79337253634041
-45.06571075863979
-76.94661835268452
77.34979276309411
28.942207318212425
-60.291524784612285
-22.58935426103374
69.48605647874363
-3.6385367482696913
-55.377269684844215
0.1860675849114849
77.6121204160563
-44.99830339874652
-48.964204660297526
55.09734872505366
35.107542864414945
-85.66197502501956
20.892565930038398
57.97360031670816
-34.53677519946572
-55.86496893414182
79.11055776500409
-6.669397988284647
-57.40677470809852
19.945636338114696
60.88102088725249
-73.53895157950416
-2.483648283840565
61.57858508078761
-10.994838486308636
-82.31162351490732
75.90011479196997
37.11036063143379
-90.06436985861076
-15.528092920016544
133.51765259899432
-81.23683153695387
-76.52058311404647
107.27584519261539
35.66174859407659
-146.66818685722674
72.60127629716847
71.5037887173534
-90.95376330744908
-24.985477429125307
111.30403409431675
-70.58887595597622
-25.950251189014534
48.21112705918812
12.044000821724909
-54.74119058779747
31.6916960594039
-5.349654106287095
13.395491670591557
-26.46259490435734
11.652378186144082
5.990624768513052
13.435156916888822
-47.56089776049544
44.95233859045326
-11.369353454275315
-12.299639804400297
2.7335405033377342
22.708678412975093
-48.79383802098539
55.53393008087367
-22.420021259691307
-30.773590561684546
32.03218568126199
44.53490607835102
-104.71081629665895
48.42814109081382
52.632478502633326
-40.31682562972888
-68.26204146781457
97.06433299890543
-2.576811274710761
-41.91399840939151
-47.25771533515656
108.22645838775315
-16.58683506506441
-91.66964135307451
20.89796818184746
148.1538712967402
-170.00861694699586
2.1001598416223533
145.8880348219755
-118.69533915767494
0.6423072544684134
55.878406583792106
-33.00691947883634
54.22517376036834
-104.96103063672567
51.29362270096016
73.31882360536399
-164.93715601038235
80.93433684844467
107.09458287567385
-159.06901224293307
-8.286252387274851
171.76273409150252
-107.27903783048029
-98.07218109520139
154.27519885296024
2.5958508888195957
-156.51076298678325
106.23955430508646
71.69124153110029
-137.1777968142049
11.620960496926235
127.0762549104306
-95.51451148280808
-66.80934504156609
131.53507660686
-5.317331908327995
-138.4778435482937
92.14841146019522
69.79852703348232
-134.13187241968183
12.413337097342142
122.96533557135298
-90.69700281296349
-64.61337915496897
125.82004204489535
-17.31663030638375
-106.65744241692079
86.88049834194003
25.368811747330305
-96.20088362968173
46.26488211201671
61.84557098634856
-102.37187986091604
8.126160137657692
94.35635827030359
-64.72173355785914
-66.09660112659128
104.05111488887982
6.81450291608858
-100.67586940554493
32.30398696005658
80.10346732664757
-57.978195318435965
-57.212763491601265
62.726574008083
48.659520077943924
-87.07679565436835
-27.26085886114413
99.27743438687682
-8.038778179435504
-103.86851472136027
62.57448287337769
63.690876598441506
-79.80466164554555
-27.917799069683344
76.1959836786993
-8.071898328274463
-48.84166122718164
7.252615641203712
31.78348107675168
-2.5764649917605253
-36.78075465543828
1.5003209454416666
49.68325953568683
-26.75715797820304
-36.22440650725305
38.112684562010145
10.253766131028279
-35.20013416133098
9.75908016850726
3.5075343897532543
1.3241068803024585
11.902622322815256
-38.85820644995312
0.878328550745285
61.6508520541648
-46.908902914243306
-47.320449233367135
83.72450339228521
-6.748346525958214
-76.92443716546371
57.514902086752656
20.791904630003202
-62.18612000532039
34.08980941256933
2.3851300253937264
-29.750237698919587
34.68540584256393
-12.416095266616495
-35.01817925253093
74.53786513605195
-83.40367065363536
67.57386102610518
-43.96444993152726
13.85441094884067
-0.8658635861117207
12.301711041412444
-42.68259865366924
73.47420076466382
-52.086224824524805
-19.829264721836527
69.48313694499222
-39.14868422521328
-30.54143727638467
56.4414515181052
-16.060594054149718
-36.22035863085004
42.16078071618156
8.249304296097828
-55.41267360182009
36.412170429914774
29.40679946553971
-40.23891108577058
-20.349434055954394
49.718463864643795
1.2863357846581465
-36.597299993546876
-9.120171664480473
49.623265794252845
-8.668697840915343
-38.82065917903689
7.731597066189845
50.09609705120982
-30.291537337820806
-31.250332816943413
27.553646967269465
39.37326317096984
-51.38587242158166
-10.34925493785412
44.26763067693502
8.976687052350604
-56.454633406173194
22.34322736891885
31.298114325393822
-18.214273005358127
-31.219231692645103
41.33312729774806
-3.1717387490706948
-26.034252028070902
8.772786396888048
32.53590029613943
-51.355390189450404
18.945743238695414
33.7863267087492
-32.88843463808344
-33.151558485657695
75.3277350145026
-18.615663244163372
-60.48555163125155
33.82291377666088
67.0153118469747
-81.35053841138671
-21.56625787188432
81.89272003542702
8.696968052230394
-109.5840103175169
48.957231214910095
87.58903559139603
-77.77132737397952
-78.54633450464236
144.5094305029786
-16.44703127408357
-114.16997738117863
61.95934089791146
86.0658594606914
-115.79568781144482
11.859332133570154
68.42753437187538
-34.44883435038535
-43.460492261655446
62.89270599652807
-20.416614687753977
-14.019971611788248
8.562190214079582
10.107026261620977
-18.11358295050643
25.49303469847421
-26.231166614270848
10.128020136678018
5.717686215360213
6.94260092394396
-25.793403404105526
19.90142289438331
-3.0059835303077613
11.423145575468807
-35.56714995895577
30.23451256528907
8.940448713183608
-27.684915168501075
-11.011058412802763
66.66509126695482
-67.30911399822728
3.3654036595552506
61.82025214314021
-71.54170126202133
37.59878847480906
-6.422634877030141
-1.9305869587398599
1.5636250901033515
-2.3305033887803743
-15.426299378353376
30.19956739642746
-25.1216144607758
14.48872095884979
-9.622111107453648
-4.439610833874664
25.450997890908546
-11.982961476051514
-30.901494186368726
42.342251445636045
6.780923788943031
-52.78141528787996
26.772551947871506
32.72587512278
-49.304409463779166
8.865888045110884
37.78566586350724
-47.54250050398021
5.254148689764575
51.6676463692229
-48.8138854027047
-24.55477189876781
74.07945654057042
-26.32457948868465
-51.82241215185414
50.227380195137236
24.198942847194335
-57.11607745747763
8.49788287918252
34.800863731495625
-15.626256635961877
-19.061615910786525
21.505504191606647
-3.2349677818721156
0.7548520898044557
-4.409744396530209
4.299654140655396
-0.5290637335402781
-2.7901249039493674
-7.042027019134311
22.568651021876768
-18.002186702147426
-17.71151845033009
25.564437499642864
20.84385286227624
-52.509333818667955
8.06166298072429
41.26018797605052
-10.212596158313332
-50.16783301411659
39.87627955298886
20.744856752361073
-42.988830397614265
-1.853139347163763
61.50301849280139
-59.868455298707914
-18.41559117772468
83.11927471852186
-20.566751382785316
-106.06131021867728
94.86855521342636
56.642185812653516
-118.8793300859922
1.8238837054948083
120.54851621615151
-83.05673519667971
-41.07073236730504
68.62687583172348
7.299483913379685
-57.27938009262746
26.59694039278036
4.174047854435628
12.947542775631439
-18.893242586600675
-9.310464925965722
15.370645831874375
29.619208358823943
-56.58415572218933
21.568680171232888
19.35322534230682
-8.676513794212058
-21.333221053236862
22.079480546600834
-17.921161584942276
34.38468450720438
-34.08860732058582
-11.393359673062946
33.50600684796636
19.63993214640618
-78.1074925605573
56.48569241163649
17.488113647988946
-30.953362695314173
-26.486733227941336
67.55185373923402
-47.08888410803533
21.702960333640625
-46.973074090649234
85.9409575610432
-78.44438454953323
33.523149162514095
